LO setting complete 
Initializing DMA.....
Value in DMACR register: 00011003 
DMA initialized.....
Interrupts Initialized.....
Address value before: 00000000 
Address value after: 00201058 
Length value before: 0 
value of length: 65536 

   0x34 = 00005011 DMA Done

 
*******************************************************************************
 11111111 >> 400000000
  11170
 11170
 229
 34
 1741
 970
 149
 569
 293
 689
 985
 370
 970
 964
 313
 65
 6793
 346
 337
 5002
 981
 100
 689
 2169
 4181
 305
 3825
 10498
 976
 6260
 25
 1537
 8281
 37672
 3077
 15098
 4793
 7226
 3497
 12301
 289
 4409
 4761
 202
 10
 900
 625
 853
 2125
 130
 65
 818
 1513
 136
 1157
 221
 457
 785
 1105
 202
 580
 1620
 481
 229
 117
 33844
 116
 850
 416
 1306
 505
 388
 3049
 1105
 1354
 1229
 26
 173
 80
 977
 221
 1258
 260
 3842
 8762
 850
 1585
 1732
 697
 533
 2482
 14257
 3236
 30769
 38120
 1361
 8845
 4160
 12564
 14914
 19268
 25250
 7465
 12500
 3593
 73
 1818
 2989
 1066
 2117
 320
 505
 425
 1378
 260
 1762
 1586
 850
 193
 148
 1193
 461
 250
 353
 136
 2657
 1160
 1097
 641
 2018
 962
 265
 145
 18
 848
 98
 144
 274
 170
 569
 185
 389
 397
 712
 1989
 1396
 338
 377
 1637
 890
 106
 2000
 4106
 1928
 818
 1609
 6713
 493
 4525
 244
 3573
 27850
 3874
 10125
 8993
 1898
 9620
 6746
 4148
 850
 2210
 801
 797
 5353
 233
 712
 25
 160
 1370
 1557
 333
 1402
 890
 1332
 650
 452
 250
 257
 53
 9
 1961
 100
 865
 89
 400
 2645
 1394
 820
 25
 117
 452
 208
 1557
 1445
 73
 130
 2421
 137
 697
 265
 452
 277
 820
 808
 289
 8125
 4090
 2474
 7477
 4625
 7709
 2690
 6773
 14177
 5141
 1325
 18056
 7709
 11482
 4964
 15073
 1745
 3200
 7780
 49
 3413
 977
 1802
 1625
 493
 617
 3181
 2020
 389
 712
 232
 1601
 2329
 146
 450
 97
 1193
 565
 170
 425
 565
 205
 65
 509
 194
 4688
 2194
 1450
 788
 725
 468
 538
 109
 281
 305
 820
 986
 1530
 130
 865
 1348
 3866
 1684
 162
 5392
 3209
 4714
 1700
 13005
 1649
 8461
 10674
 2458
 2920
 46952
 3217
 21074
 16660
 8506
 3170
 2340
 7289
 7744
 1130
 3229
 765
 3385
 1960
 970
 1602
 290
 1669
 520
 3050
 64
 170
 640
 1565
 1282
 32
 981
 685
 13
 98
 2906
 692
 104
 941
 194
 1313
 197
 173
 925
 601
 569
 692
 3200
 1930
 305
 1184
 328
 1737
 464
 2305
 818
 149
 4709
 449
 3545
 3033
 85
 2000
 9512
 1088
 477
 8450
 2410
 46489
 8144
 101
 5330
 4633
 245
 4325
 1229
 1249
 3329
 1396
 424
 370
 1417
 52
 260
 477
 808
 233
 1258
 117
 533
 25
 65
 761
 125
 320
 1808
 612
 677
 490
 562
 261
 298
 1277
 197
 433
 289
 2
 916
 90
 505
 625
 730
 85
 218
 122
 64
 250
 40
 1989
 3277
 1773
 845
 8
 9640
 3700
 509
 2297
 1538
 25205
 1508
 9764
 12130
 12020
 8410
 4265
 3601
 20869
 2785
 39034
 4996
 4274
 1665
 1413
 3218
 397
 3434
 314
 2084
 458
 1252
 305
 1049
 145
 565
 500
 424
 520
 405
 509
 530
 725
 928
 296
 410
 16
 793
 577
 485
 820
 3265
 445
 410
 269
 2042
 41
 461
 425
 853
 128
 1154
 1602
 689
 421
 685
 346
 169
 241
 6868
 8245
 6962
 3301
 5617
 10285
 5161
 2152
 13460
 436
 14425
 5417
 18005
 16360
 16729
 13273
 922
 12745
 17218
 8705
 2525
 3653
 2353
 1640
 3026
 338
 1033
 1109
 333
 362
 2225
 5
 464
 761
 1250
 157
 145
 73
 109
 256
 256
 296
 2984
 809
 1156
 234
 356
 1066
 52
 1466
 1
 221
 3833
 338
 617
 505
 925
 397
 1018
 125
 2770
 3146
 680
 2516
 3636
 8114
 293
 153
 15509
 7514
 6273
 4685
 1717
 949
 21202
 9665
 4112
 6410
 2564
 4514
 4820
 7642
 545
 4005
 6257
 842
 281
 25
 157
 185
 1850
 101
 298
 866
 288
 1040
 820
 170
 533
 377
 317
 578
 625
 1637
 1781
 1217
 1421
 625
 136
 356
 565
 1125
 584
 257
 1160
 2362
 1300
 666
 530
 548
 68
 260
 1280
 5185
 1226
 424
 445
 325
 11344
 8317
 4356
 7522
 6730
 1226
 18944
 21170
 17914
 12100
 30484
 9257
 5716
 2500
 10301
 25
 3944
 3485
 1224
 1186
 208
 3130
 754
 8
 328
 1220
 296
 25
 1130
 200
 757
 169
 576
 545
 196
 1066
 626
 890
 916
 290
 146
 2500
 2290
 653
 36
 113
 433
 1665
 20
 98
 2885
 2041
 90
 13
 1405
 81
 305
 445
 97
 2237
 290
 685
 477
 4733
 898
 7400
 3497
 5417
 7444
 11545
 6697
 33773
 16285
 24949
 6125
 3085
 8352
 16645
 97
 12085
 1600
 9386
 8245
 8845
 130
 2745
 125
 25
 293
 153
 149
 2501
 1090
 697
 205
 425
 442
 116
 1217
 53
 400
 1773
 1217
 157
 193
 17
 0
 2725
 1453
 328
 50
 82
 625
 85
 157
 1066
 153
 1170
 200
 605
 745
 477
 232
 25
 865
 2600
 356
 68
 313
 1901
 625
 5050
 3545
 16218
 1394
 4941
 15277
 19937
 23402
 4337
 56569
 6664
 4810
 19066
 6525
 4329
 4057
 2450
 4285
 626
 340
 1289
 1157
 873
 1300
 245
 445
 872
 144
 680
 1165
 17
 117
 538
 325
 634
 530
 1777
 1825
 45
 200
 3293
 2308
 2425
 89
 370
 794
 37
 832
 361
 1220
 325
 1010
 500
 709
 257
 1466
 369
 1700
 1189
 1205
 306
 1810
 1153
 1394
 565
 13264
 2977
 3250
 9266
 2105
 21533
 872
 38537
 91204
 5065
 20165
 3042
 23698
 14689
 180
 1229
 20
 3461
 2842
 1800
 1885
 657
 802
 5
 580
 149
 1241
 1130
 1090
 685
 1450
 569
 2000
 65
 130
 810
 593
 1469
 2081
 64
 32
 109
 34
 808
 260
 61
 650
 845
 1028
 1924
 404
 522
 2152
 1189
 821
 580
 464
 45
 170
 306
 970
 4493
 10610
 3649
 9448
 10660
 3370
 180
 7880
 12013
 15381
 3400
 26384
 761
 3034
 5732
 392
 18757
 2050
 545
 452
 5044
 360
 850
 80
 821
 289
 436
 656
 801
 34
 250
 410
 845
 74
 325
 592
 900
 610
 424
 80
 173
 425
 40
 754
 522
 449
 410
 2218
 197
 296
 193
 914
 2362
 2018
 373
 585
 722
 81
 964
 3298
 842
 53
 3656
 180
 8585
 2258
 1009
 4658
 3434
 18280
 18301
 4745
 23234
 3293
 9864
 2290
 3226
 7789
 12170
 5482
 3929
 3380
 4133
 1922
 562
 146
 545
 445
 3258
 421
 340
 130
 2146
 1201
 3908
 80
 173
 314
 85
 226
 530
 196
 377
 709
 1530
 509
 1665
 740
 557
 370
 2225
 37
 866
 3328
 1394
 340
 697
 493
 1225
 697
 1261
 1108
 1537
 1696
 369
 3218
 97
 1493
 4768
 4384
 872
 580
 425
 4693
 20173
 17189
 1765
 19700
 4789
 13108
 8053
 27442
 6865
 7633
 6002
 928
 5450
 1172
 45
 3125
 697
 1409
 2525
 100
 325
 288
 1585
 146
 89
 505
 2180
 320
 1940
 340
 485
 901
 205
 1285
 909
 452
 3016
 2329
 45
 481
 377
 1877
 733
 100
 32
 340
 1769
 793
 1305
 442
 1490
 2745
 400
 1037
 281
 3833
 3445
 13
 2173
 1640
 1604
 7650
 5413
 1181
 11349
 6338
 8738
 1237
 27536
 6877
 24157
 2421
 12805
 2285
 4705
 6084
 2336
 656
 3541
 1861
 657
 738
 1114
 545
 424
 1233
 185
 13
 433
 349
 73
 800
 1300
 890
 1385
 585
 1853
 666
 1450
 1937
 325
 104
 290
 100
 6373
 170
 365
 3805
 725
 882
 17
 533
 466
 53
 1490
 1744
 313
 1522
 232
 1856
 205
 2450
 5337
 1989
 1445
 2048
 4325
 20113
 12266
 26921
 3716
 9850
 6885
 12244
 25090
 1796
 545
 3250
 1825
 981
 4633
 1618
 977
 3461
 2290
 225
 610
 1076
 1521
 194
 692
 1000
 521
 562
 245
 1157
 745
 2404
 149
 769
 50
 125
 2768
 1009
 689
 100
 685
 272
 810
 245
 169
 1010
 634
 289
 722
 340
 818
 85
 288
 8
 4141
 842
 65
 676
 544
 585
 2393
 5220
 3844
 3389
 1800
 16370
 3380
 24525
 1040
 24674
 2285
 8200
 1613
 1152
 1098
 10529
 9549
 90
 90
 3285
 1370
 72
 3050
 3037
 4736
 164
 313
 146
 1697
 196
 900
 221
 4493
 400
 16
 881
 1220
 338
 32
 1125
 800
 421
 1613
 477
 521
 841
 272
 296
 1037
 2938
 548
 481
 100
 1010
 52
 1192
 2906
 1480
 1889
 477
 1165
 6869
 2020
 3562
 2441
 292
 928
 4469
 35810
 7844
 2020
 3746
 16290
 13690
 3305
 8649
 1157
 15129
 9608
 388
 2173
 19618
 740
 1989
 1872
 4474
 1028
 12532
 181186
 27476
 6125
 2665
 4625
 2957
 2916
 130
 1665
 2512
 1640
 2801
 818
 1256
 724
 1538
 1490
 100
 2034
 533
 229
 1025
 401
 1637
 482
 881
 405
 90
 985
 436
 485
 1093
 1042
 245
 1210
 9
 733
 1373
 2581
 1825
 3554
 5341
 1241
 7954
 1417
 260
 2197
 1049
 2120
 3649
 146
 3253
 9425
 3301
 10829
 4573
 4346
 6857
 941
 2330
 149
 5220
 369
 1517
 650
 2305
 954
 137
 369
 729
 257
 1025
 2026
 45
 1217
 306
 5
 4964
 185
 145
 340
 585
 1384
 41
 337
 981
 68
 181
 745
 625
 109
 333
 500
 625
 2788
 2290
 2809
 634
 676
 241
 29
 45
 1460
 1865
 65
 745
 2137
 10085
 9616
 1125
 6212
 11840
 21745
 4496
 832
 689
 29725
 5729
 6196
 3001
 2173
 765
 449
 277
 8516
 2057
 484
 578
 1033
 626
 3332
 985
 265
 97
 148
 221
 5
 1421
 1093
 85
 848
 1629
 2228
 1780
 2057
 2210
 3026
 2053
 97
 74
 656
 325
 1625
 674
 425
 1145
 149
 360
 18
 125
 488
 1681
 328
 181
 3029
 706
 250
 2813
 981
 8352
 2257
 2245
 6885
 3028
 4680
 8989
 5450
 10405
 13050
 2425
 4909
 962
 22100
 793
 6661
 5210
 1417
 89
 169
 872
 1066
 65
 324
 377
 1508
 1745
 1865
 50
 1098
 225
 1
 148
 785
 1445
 1385
 548
 596
 1745
 146
 1604
 233
 2810
 362
 477
 362
 125
 85
 1418
 305
 637
 697
 612
 365
 522
 1306
 409
 541
 3106
 1202
 1481
 2314
 1445
 3293
 12290
 3293
 3365
 9985
 2410
 2941
 3140
 4250
 23729
 30341
 7538
 530
 1205
 30298
 3961
 2045
 2986
 3085
 2005
 425
 2312
 61
 802
 74
 841
 169
 410
 1138
 121
 1418
 449
 101
 50
 761
 629
 1153
 626
 485
 936
 802
 1258
 2610
 353
 1226
 2404
 601
 369
 218
 1810
 548
 1352
 3145
 305
 450
 164
 20
 761
 170
 857
 882
 2962
 2405
 1053
 4100
 1810
 328
 4052
 113
 585
 5194
 24356
 5440
 13793
 19538
 31705
 1906
 2152
 629
 14285
 3874
 234
 2708
 6560
 1453
 6385
 58
 1124
 724
 521
 170
 2281
 530
 10
 1105
 185
 400
 730
 2176
 260
 629
 25
 482
 724
 544
 328
 1093
 234
 52
 484
 148
 1453
 1604
 292
 481
 2000
 80
 314
 361
 29
 50
 1145
 125
 122
 10
 256
 64
 8209
 712
 2690
 5825
 2500
 8194
 9098
 9425
 28145
 3412
 3573
 505
 23890
 10000
 11108
 11908
 3593
 8564
 20000
 2249
 144
 612
 226
 1009
 1165
 362
 1733
 673
 482
 194
 1312
 416
 773
 136
 882
 257
 468
 898
 250
 289
 657
 808
 1312
 1700
 445
 196
 1037
 153
 1009
 1017
 4
 1234
 1
 1765
 464
 584
 461
 157
 170
 1124
 1489
 2210
 117
 2529
 7225
 1481
 4706
 290
 17593
 1937
 1096
 4932
 8585
 24625
 14800
 19940
 961
 2176
 1145
 9293
 6425
 14569
 1224
 850
 977
 5629
 936
 1616
 365
 1157
 90
 68
 981
 1970
 17
 389
 1217
 1601
 2
 810
 545
 433
 208
 676
 1
 785
 369
 2557
 2197
 1220
 514
 333
 5
 545
 53
 452
 173
 1000
 388
 234
 533
 1937
 712
 481
 485
 2234
 82
 1597
 337
 2081
 1445
 484
 3141
 6290
 6698
 7508
 42937
 9749
 1458
 977
 3785
 12176
 7186
 18245
 2161
 5993
 10625
 2628
 293
 5876
 208
 538
 6725
 1693
 356
 293
 625
 34
 306
 37
 317
 65
 153
 628
 181
 1930
 730
 648
 1233
 65
 1202
 3821
 441
 569
 13
 1010
 898
 680
 2050
 136
 533
 2740
 50
 260
 2213
 778
 400
 793
 1213
 685
 5777
 90
 3940
 3690
 4490
 3464
 9469
 5648
 2314
 9280
 33293
 55714
 23140
 2393
 15921
 8273
 5417
 1994
 14274
 14708
 1098
 3272
 1145
 5300
 3194
 148
 725
 3602
 800
 149
 85
 541
 4805
 250
 16
 2
 50
 360
 2081
 1352
 754
 720
 965
 394
 1625
 125
 656
 3277
 1201
 185
 17
 981
 65
 1130
 2785
 1192
 68
 20
 610
 106
 5765
 3929
 1396
 325
 1049
 2169
 4729
 7033
 3085
 1450
 1513
 17410
 2888
 458
 31586
 1312
 5321
 1373
 14112
 2837
 4493
 11889
 15005
 11353
 8281
 3026
 1885
 740
 1076
 1616
 338
 394
 569
 1025
 500
 229
 149
 505
 1037
 277
 1069
 890
 397
 58
 800
 194
 338
 388
 3089
 10
 1025
 1618
 601
 370
 533
 1800
 18
 1138
 1405
 346
 305
 2825
 493
 416
 81
 136
 1241
 370
 9749
 5972
 5141
 100
 3816
 2624
 2385
 10170
 16425
 1445
 37585
 17162
 13021
 2722
 26417
 34450
 1105
 3050
 833
 40
 890
 442
 37
 2554
 4201
 1405
 901
 212
 117
 4
 601
 90
 85
 488
 121
 628
 580
 1156
 569
 50
 73
 1305
 793
 74
 89
 2509
 1098
 1377
 340
 97
 689
 100
 1313
 1517
 145
 909
 640
 68
 2885
 1780
 949
 409
 800
 409
 340
 689
 1937
 2536
 2357
 5813
 11925
 1625
 2084
 7522
 2637
 11860
 18265
 1321
 8354
 3177
 452
 2225
 14153
 2036
 225
 1625
 1665
 4625
 640
 720
 1261
 20
 409
 125
 1508
 745
 580
 1825
 977
 128
 325
 145
 997
 117
 1924
 450
 1453
 1556
 26
 1305
 144
 488
 1405
 1664
 1465
 450
 1105
 250
 1250
 2941
 145
 521
 850
 1808
 370
 261
 3380
 808
 4745
 656
 3265
 1280
 1845
 820
 1066
 12557
 11353
 2525
 3074
 12136
 2754
 2025
 2192
 11752
 8585
 160
 8053
 1090
 7241
 16498
 3890
 5069
 2645
 221
 1170
 2000
 530
 29
 1732
 488
 1693
 1600
 45
 2756
 389
 1040
 1322
 493
 541
 425
 578
 104
 32
 2405
 178
 226
 2050
 369
 365
 325
 730
 202
 5
 116
 41
 130
 41
 40
 1781
 485
 676
 3204
 650
 1373
 101
 365
 160
 2960
 7085
 2426
 1753
 208
 3185
 2056
 12937
 9925
 818
 18386
 11234
 3785
 593
 1145
 18
 3722
 4633
 872
 2533
 3170
 1825
 1360
 377
 637
 2056
 680
 1594
 157
 841
 81
 388
 916
 185
 1682
 677
 900
 625
 32
 1053
 441
 1858
 130
 90
 585
 1490
 148
 400
 290
 193
 1373
 265
 628
 104
 1061
 821
 1189
 928
 578
 58
 1261
 1098
 160
 7396
 8528
 833
 5733
 1105
 16650
 18868
 4405
 19805
 21713
 5162
 36090
 2826
 185
 4250
 4580
 8528
 1010
 3545
 181
 289
 2368
 40
 185
 841
 1445
 3748
 122
 738
 1021
 130
 928
 612
 1940
 1073
 85
 1961
 2
 628
 257
 1737
 569
 37
 272
 1130
 1586
 820
 2825
 544
 1018
 410
 488
 1153
 1105
 2165
 157
 173
 1553
 481
 2120
 100
 82
 610
 1853
 612
 14180
 11650
 11828
 3349
 12465
 14393
 13217
 12905
 7261
 20417
 10440
 20434
 2722
 19240
 185
 8720
 5994
 5714
 2080
 625
 2753
 1261
 1369
 2353
 845
 549
 1616
 488
 202
 1154
 725
 820
 640
 218
 116
 109
 585
 89
 365
 653
 776
 808
 205
 145
 178
 58
 3205
 1530
 2
 441
 793
 68
 29
 52
 261
 1465
 576
 130
 565
 3137
 596
 2020
 1777
 12500
 15626
 20177
 2425
 3464
 9413
 7240
 905
 21825
 29648
 10820
 21853
 12321
 22370
 5410
 6165
 1730
 3482
 2909
 9433
 6068
 97
 1348
 865
 765
 1096
 1042
 1469
 65
 64
 40
 73
 1312
 1450
 325
 761
 520
 145
 680
 325
 185
 3280
 962
 905
 1261
 765
 754
 365
 16
 900
 5
 3665
 1937
 125
 250
 2516
 1377
 1424
 122
 1885
 1145
 377
 7592
 2885
 730
 1460
 7085
 9473
 4385
 6725
 11738
 20002
 17585
 3400
 8450
 1381
 1885
 24785
 6562
 2165
 6788
 4756
 4205
 265
 349
 445
 370
 328
 873
 1160
 50
 697
 1145
 629
 260
 605
 26
 68
 5
 457
 485
 629
 338
 450
 1322
 466
 488
 1354
 1412
 853
 724
 50
 338
 458
 34
 674
 250
 181
 773
 320
 314
 410
 580
 1352
 1098
 3389
 2250
 11636
 6570
 5938
 3434
 2320
 1322
 1429
 26561
 14186
 4714
 14170
 200
 7730
 13864
 3985
 19048
 10498
 10330
 1090
 5330
 1514
 1226
 701
 565
 20
 1458
 290
 100
 580
 2938
 169
 1186
 328
 1274
 1810
 370
 820
 666
 637
 1233
 1226
 549
 977
 90
 610
 533
 520
 656
 1114
 481
 610
 212
 65
 290
 937
 257
 1440
 292
 1205
 2250
 850
 2381
 5194
 1994
 298
 2349
 4514
 3700
 39857
 22084
 2925
 5785
 12890
 1220
 365
 4770
 2594
 10217
 4052
 4996
 8010
 6617
 3226
 1252
 2105
 2482
 433
 545
 2340
 1268
 409
 122
 2690
 1489
 538
 706
 10
 1405
 482
 1972
 353
 1000
 325
 785
 74
 125
 580
 7045
 610
 353
 706
 34
 72
 1521
 1184
 485
 922
 164
 1306
 1025
 16
 2452
 666
 1341
 1274
 901
 250
 410
 1682
 5825
 4490
 2917
 250
 2340
 14426
 8325
 35380
 14912
 10000
 8633
 8410
 481
 10162
 4930
 1620
 3925
 388
 125
 1234
 1300
 1234
 1097
 1600
 1124
 1354
 1145
 1114
 6253
 6722
 50
 1018
 965
 1602
 557
 130
 820
 1514
 485
 36
 1850
 720
 65
 1220
 1696
 200
 997
 356
 349
 674
 1637
 178
 305
 1945
 865
 145
 1361
 34
 185
 328
 2384
 2216
 1089
 3770
 6025
 6980
 8149
 23050
 10205
 11509
 1993
 10433
 629
 7412
 17581
 12308
 7976
 22096
 8765
 8264
 9441
 2218
 229
 1586
 1445
 485
 305
 1773
 2725
 2722
 3925
 2624
 680
 1088
 1017
 274
 173
 128
 197
 162
 169
 305
 1625
 173
 1409
 850
 425
 296
 25
 841
 3098
 25
 4657
 1129
 104
 4069
 360
 1373
 709
 2600
 181
 4840
 549
 562
 11133
 1037
 1352
 11745
 1649
 11045
 15496
 2725
 10170
 6217
 2053
 19208
 8845
 17146
 1865
 23396
 5409
 22193
 106
 3965
 4913
 6565
 7312
 1933
 724
 233
 1285
 2000
 257
 1460
 1781
 1346
 197
 37
 1044
 397
 257
 785
 2720
 421
 306
 197
 725
 400
 1124
 2129
 2525
 2669
 3330
 1352
 617
 1000
 1714
 173
 1024
 901
 641
 722
 3125
 386
 2180
 169
 61
 637
 100
 128
 569
 2720
 1252
 9265
 44642
 3121
 11425
 1850
 11581
 18010
 898
 25561
 19981
 2701
 5746
 10376
 15205
 2304
 2106
 1625
 612
 185
 2965
 2314
 2593
 1530
 200
 81
 157
 829
 8
 416
 125
 8
 400
 1189
 170
 2165
 293
 986
 169
 674
 1312
 1405
 481
 1417
 425
 1202
 18
 80
 1010
 481
 697
 52
 794
 125
 289
 97
 1649
 565
 53
 193
 157
 260
 1658
 2474
 6628
 19981
 1345
 11930
 3690
 5353
 7893
 4633
 5125
 3209
 7177
 1305
 12317
 7234
 370
 1588
 5122
 8345
 1061
 1000
 1954
 9
 1469
 269
 685
 857
 365
 785
 793
 904
 626
 442
 800
 365
 541
 290
 146
 765
 145
 3141
 3589
 325
 2669
 130
 761
 788
 325
 289
 101
 2312
 245
 34
 1450
 9
 1361
 1229
 1585
 725
 1557
 692
 145
 4660
 2609
 3725
 1997
 7556
 1217
 7720
 288
 9333
 4537
 4005
 2045
 2245
 5629
 2770
 1097
 6980
 15929
 2677
 3617
 4880
 985
 1690
 74
 1937
 1097
 193
 689
 13
 1205
 904
 689
 3236
 949
 1801
 185
 1108
 37
 500
 1124
 2309
 225
 481
 653
 745
 3434
 360
 80
 914
 17
 333
 2153
 1073
 370
 29
 970
 73
 1025
 997
 2225
 1225
 1600
 2440
 1300
 2020
 3845
 577
 4549
 10305
 148
 2353
 3842
 725
 229
 4441
 11097
 4561
 11050
 6352
 3536
 2834
 1301
 2117
 3853
 481
 1314
 1585
 170
 3145
 793
 725
 793
 225
 2612
 160
 68
 8
 601
 1097
 89
 425
 272
 1685
 890
 1181
 325
 1313
 122
 340
 2210
 617
 281
 962
 557
 409
 773
 2197
 365
 1901
 1769
 185
 2129
 464
 1552
 1522
 200
 2169
 1313
 1090
 325
 1157
 6109
 23825
 2669
 1741
 12889
 5737
 6245
 6660
 5274
 2664
 21578
 16861
 8045
 6610
 109
 5245
 7865
 2525
 6329
 29
 425
 3961
 1345
 1664
 1124
 1306
 180
 853
 389
 2146
 157
 137
 505
 145
 81
 125
 1025
 505
 13
 452
 10
 109
 41
 425
 425
 1285
 493
 725
 61
 164
 580
 405
 169
 98
 289
 360
 800
 3825
 157
 2977
 365
 2785
 193
 725
 6525
 2642
 4964
 4385
 7109
 1604
 13037
 580
 12580
 24625
 12997
 1069
 421
 1889
 23273
 2173
 3601
 1360
 2020
 821
 2725
 738
 1289
 200
 848
 157
 97
 685
 1
 1525
 2597
 229
 49
 578
 820
 337
 193
 136
 205
 356
 122
 373
 1090
 37
 898
 810
 538
 802
 298
 8
 1010
 9
 170
 261
 162
 442
 369
 1345
 1170
 145
 3778
 290
 9188
 4450
 450
 5920
 5066
 3845
 5204
 3977
 11540
 26820
 2713
 21097
 19370
 20105
 10114
 458
 162
 1138
 5666
 2960
 15250
 1845
 850
 3961
 298
 410
 41
 613
 1882
 181
 650
 122
 1768
 1418
 82
 136
 386
 97
 8
 445
 424
 360
 1901
 765
 1168
 1088
 1089
 37
 241
 333
 386
 85
 338
 338
 970
 20
 85
 2089
 1882
 1597
 1280
 1586
 3809
 1105
 9297
 4949
 18
 533
 370
 15520
 1908
 640
 27725
 2057
 40498
 3485
 19280
 8980
 3209
 1313
 7325
 2305
 3130
 845
 450
 370
 4770
 260
 1069
 997
 5330
 949
 640
 450
 401
 845
 373
 785
 130
 53
 50
 340
 296
 232
 117
 1325
 2228
 788
 580
 450
 337
 661
 1025
 265
 1989
 2525
 1205
 1460
 360
 261
 1322
 929
 64
 610
 50
 1744
 1157
 1665
 2293
 3845
 2029
 6653
 3125
 8954
 5594
 197
 10600
 17321
 18772
 8224
 1160
 610
 1093
 6705
 5477
 5013
 65
 1157
 977
 2000
 4756
 2465
 50
 1445
 160
 530
 1658
 1828
 585
 493
 113
 1777
 785
 317
 881
 842
 634
 857
 788
 389
 244
 290
 890
 157
 914
 36
 325
 425
 245
 340
 13
 26
 1157
 1717
 26
 328
 272
 520
 656
 2385
 2378
 3524
 1525
 541
 5965
 13282
 2225
 5780
 12149
 625
 808
 16978
 2434
 23698
 35258
 9657
 706
 16916
 4325
 9221
 521
 2792
 2997
 1378
 1621
 145
 122
 340
 500
 196
 100
 325
 202
 772
 901
 153
 25
 530
 585
 200
 1061
 365
 500
 778
 4274
 130
 2018
 1066
 13
 1
 61
 250
 522
 1170
 178
 320
 305
 305
 74
 137
 233
 2410
 592
 2088
 5417
 709
 3613
 26
 1352
 1690
 244
 10946
 19337
 1865
 7060
 1553
 25649
 6994
 1490
 14690
 7105
 4205
 1093
 530
 3890
 3730
 4594
 5220
 1405
 2465
 242
 85
 145
 90
 3380
 20
 85
 1305
 389
 410
 788
 530
 1448
 1458
 149
 545
 1600
 765
 1530
 1576
 580
 61
 1
 578
 45
 872
 370
 424
 3044
 250
 788
 365
 369
 1864
 1157
 400
 2250
 17
 4973
 1306
 5617
 362
 3050
 17824
 14994
 26792
 1058
 38169
 22685
 34888
 6145
 22984
 8
 9225
 19501
 2122
 9893
 4948
 1490
 5000
 1360
 1234
 832
 3049
 3029
 32
 1861
 1600
 10
 965
 1009
 1538
 729
 130
 2234
 464
 122
 1940
 1810
 1421
 1305
 2000
 493
 202
 181
 1237
 1025
 738
 1681
 548
 200
 505
 1640
 610
 809
 481
 677
 386
 529
 712
 1865
 289
 101
 1714
 685
 7048
 394
 961
 3812
 2066
 10693
 477
 1625
 3922
 1297
 13274
 5265
 12101
 6565
 12850
 1237
 2836
 116
 5917
 11680
 4586
 37
 193
 505
 50
 65
 1940
 37
 1049
 1769
 898
 505
 1040
 130
 61
 628
 1754
 641
 245
 965
 194
 185
 801
 925
 72
 416
 16
 452
 520
 146
 325
 229
 3313
 490
 85
 610
 317
 73
 225
 2353
 884
 122
 1858
 226
 650
 1156
 3529
 2789
 2105
 34
 5193
 14692
 20393
 7213
 8233
 8353
 4168
 11444
 1076
 2592
 8068
 2210
 3925
 1117
 745
 2194
 1885
 986
 257
 937
 169
 1781
 404
 706
 1546
 626
 10
 232
 857
 125
 153
 394
 185
 592
 261
 164
 450
 1256
 1570
 288
 424
 1025
 305
 234
 389
 549
 445
 325
 338
 370
 1201
 106
 58
 10
 1154
 392
 730
 1413
 793
 7956
 2125
 3821
 18217
 257
 1210
 3690
 10917
 6980
 27266
 4580
 4250
 17216
 37108
 773
 2029
 8450
 4549
 1697
 2009
 2129
 898
 442
 17
 394
 274
 242
 362
 584
 466
 481
 405
 232
 477
 1249
 1453
 29
 386
 370
 2501
 61
 845
 1480
 650
 548
 425
 61
 2516
 1970
 2180
 548
 1413
 157
 802
 178
 405
 1460
 1289
 146
 916
 2440
 1025
 569
 3866
 1556
 4420
 12970
 6905
 2473
 11296
 4234
 4705
 8410
 1537
 3428
 1370
 212
 9805
 7921
 10600
 370
 2180
 1480
 45
 709
 866
 530
 629
 144
 421
 530
 424
 144
 221
 349
 3106
 680
 676
 290
 1
 305
 68
 290
 185
 1013
 10321
 505
 1469
 1205
 3725
 2069
 4337
 4365
 1952
 1741
 2260
 3530
 229
 953
 769
 1325
 2701
 1153
 521
 865
 2797
 25
 1429
 5085
 8296
 23245
 13010
 512
 5597
 52713
 949
 2785
 3217
 15313
 1189
 11485
 7517
 2249
 10053
 4801
 5904
 701
 1000
 8210
 1625
 317
 1369
 709
 3445
 1017
 1073
 657
 1325
 1373
 241
 5249
 392
 1885
 3474
 1124
 857
 1685
 261
 18785
 2493
 637
 2720
 365
 585
 530
 4346
 2941
 2642
 257
 530
 1616
 2917
 706
 1354
 5780
 2665
 793
 1508
 97
 6425
 680
 3970
 2669
 2312
 3041
 234
 3060
 12629
 27530
 2952
 10656
 6025
 7045
 25640
 4589
 3709
 2554
 802
 3973
 250
 1313
 82
 2512
 2161
 778
 234
 2516
 3005
 1225
 2740
 4001
 3301
 916
 106
 3485
 3412
 12321
 410
 4900
 1937
 898
 1508
 17737
 1220
 1241
 8405
 1060
 265
 1105
 2642
 260
 5402
 373
 2210
 4264
 2036
 8581
 593
 3653
 1940
 149
 629
 820
 389
 2965
 6984
 5402
 1930
 3145
 7178
 5618
 4852
 5417
 2977
 41165
 4068
 4545
 19181
 14372
 1049
 2997
 986
 3712
 1090
 6005
 2482
 4
 1940
 689
 3145
 2925
 340
 685
 4597
 388
 845
 625
 2228
 1018
 4082
 1721
 538
 2938
 916
 2125
 4177
 5513
 2269
 34
 90
 545
 81
 720
 1762
 1069
 1781
 4537
 148
 3412
 293
 1381
 409
 1954
 481
 2
 2196
 365
 6865
 400
 676
 4825
 457
 2285
 178
 13474
 14045
 3737
 28033
 296
 7457
 7738
 1058
 3277
 32185
 4384
 9626
 13505
 11657
 1105
 2120
 2960
 397
 2665
 1189
 3690
 685
 10
 1160
 5105
 1825
 1184
 4040
 1997
 1013
 2045
 162
 1394
 157
 4877
 1885
 15725
 185
 2725
 964
 3202
 361
 657
 1097
 1237
 1802
 229
 565
 3877
 1189
 4100
 2377
 1088
 457
 4225
 4122
 1908
 325
 7793
 3737
 10629
 936
 5125
 8105
 65
 425
 3106
 4813
 60074
 13061
 16641
 9608
 3442
 8381
 4361
 24305
 3277
 6970
 1049
 6697
 7141
 833
 400
 41
 324
 2885
 1405
 346
 360
 1513
 1233
 841
 4597
 1508
 1465
 2285
 3233
 149
 538
 2581
 2053
 1717
 1037
 5812
 244
 2500
 2690
 1205
 2228
 1213
 2941
 1073
 674
 416
 400
 898
 873
 2105
 293
 1706
 232
 2250
 1028
 353
 674
 1105
 2465
 23833
 35066
 3316
 46458
 5960
 4733
 18589
 13021
 8840
 4420
 23104
 22450
 4453
 2536
 6961
 3593
 10237
 2018
 1856
 116
 6322
 10737
 1481
 45
 1514
 1312
 818
 1960
 41
 306
 445
 1853
 3005
 1066
 1700
 458
 1172
 12185
 500
 1378
 2701
 400
 1361
 1261
 585
 2669
 2833
 485
 2741
 1088
 2708
 916
 1609
 685
 900
 1394
 833
 1552
 9577
 7461
 909
 1129
 7141
 12497
 16717
 11156
 6084
 9434
 82589
 20637
 7732
 6170
 3161
 9992
 4285
 4205
 5021
 5057
 2501
 3137
 2125
 4240
 2980
 2120
 1961
 3121
 1780
 3298
 9981
 968
 2125
 2509
 2225
 4325
 1665
 493
 45
 36
 3460
 730
 2525
 1492
 3146
 685
 2917
 261
 5437
 1649
 900
 2650
 1066
 2050
 3250
 3725
 788
 2269
 4645
 340
 890
 865
 1165
 8181
 577
 337
 5860
 11080
 7834
 18122
 904
 18845
 4538
 8465
 8145
 6770
 11570
 3509
 6497
 2909
 261
 4457
 14036
 2074
 4090
 4346
 82
 745
 512
 6421
 113
 656
 314
 1521
 1825
 2125
 1537
 625
 3700
 180
 1170
 2890
 20
 865
 3770
 481
 2293
 20772
 8065
 169
 17753
 1745
 1681
 3802
 4045
 2788
 481
 1418
 1105
 2522
 4168
 2378
 757
 2605
 505
 325
 205
 1009
 41
 16612
 505
 7178
 2389
 4000
 1717
 4586
 24786
 16490
 2349
 8477
 3033
 3137
 14521
 12465
 5849
 2450
 3433
 6224
 353
 7010
 445
 538
 900
 394
 641
 2097
 745
 3301
 2405
 369
 2281
 360
 2885
 122
 445
 548
 2297
 3538
 490
 2042
 1153
 5689
 3944
 1690
 2341
 61
 1813
 809
 1745
 3133
 1730
 4297
 1588
 244
 2578
 1361
 245
 281
 1160
 5018
 1385
 6025
 7585
 625
 9029
 41
 14914
 7709
 2074
 11236
 4234
 3413
 841
 5905
 1000
 1970
 6569
 1973
 29725
 1885
 7785
 5917
 2770
 3413
 6664
 6980
 1850
 145
 2081
 2941
 1256
 2074
 925
 625
 2753
 205
 3541
 1753
 1082
 865
 1154
 5972
 2810
 9925
 6301
 7817
 761
 685
 445
 117
 3848
 1345
 4820
 74
 2125
 641
 2626
 7625
 937
 610
 181
 53
 101
 205
 4105
 1873
 5882
 949
 1802
 7514
 1985
 3321
 8660
 14945
 6273
 27154
 6065
 34933
 1417
 4093
 16897
 10229
 24548
 193
 2720
 3298
 221
 2825
 850
 1413
 3357
 610
 965
 833
 2069
 325
 2957
 6761
 170
 245
 1322
 1066
 3161
 457
 4304
 4373
 405
 4250
 2873
 1450
 3049
 74
 3562
 2000
 298
 1226
 101
 2993
 1384
 4896
 3677
 1025
 580
 1234
 904
 3365
 85
 808
 2194
 2378
 3400
 16
 685
 545
 13450
 22826
 9985
 3985
 12820
 12500
 10666
 3653
 1525
 2306
 1010
 20740
 28778
 20458
 857
 425
 724
 4580
 117
 25
 2612
 2138
 932
 457
 1305
 900
 1282
 610
 3844
 100
 433
 785
 666
 3258
 401
 1513
 1924
 2384
 818
 5044
 1613
 193
 4349
 169
 178
 233
 3364
 370
 6400
 3034
 148
 1697
 629
 3370
 4964
 5578
 10053
 6180345
 17113
 8945
 2594
 3249
 4490
 1898
 338
 8200
 27592
 5417
 1681
 20852
 6120
 16586
 17125
 21577
 377
 6401
 3298
 8581
 13264
 7930
 2228
 1250
 5956
 637
 2833
 23882
 3188
 1586
 3125
 1537
 3077
 241
 1802
 925
 90
 4490
 394
 436
 2384
 653
 3589
 1040
 1352
 9
 466
 1693
 509
 3170
 580
 1024
 9973
 5224
 2125
 4129
 4069
 1808
 821
 1450
 272
 477
 388
 1325
 1805
 3194
 2306
 3860
 113
 4640
 641
 8501
 729
 17168
 8109
 20624
 16484
 21465
 27914
 4145
 18773
 14794
 20776
 9472
 14689
 19600
 8281
 18005
 1405
 5832
 389
 1210
 104
 577
 1544
 545
 1285
 530
 50
 52
 3757
 3112
 5485
 545
 65
 1864
 557
 404
 5108
 6133
 3329
 7957
 968
 7929
 5968
 5760
 410
 7949
 800
 1010
 4097
 2336
 3176
 1325
 1818
 522
 601
 2041
 2682
 981
 1898
 19762
 3280
 49
 2088
 10916
 21753
 3490
 16552
 15325
 28484
 5490
 7081
 23101
 3940
 2725
 16292
 6724
 6562
 8333
 1664
 12610
 481
 7300
 392
 745
 13810
 1746
 137
 3393
 314
 1345
 3042
 2554
 436
 1769
 5032
 4680
 2393
 674
 16040
 2385
 6120
 320
 1360
 1450
 1600
 1258
 776
 505
 17
 3600
 754
 292
 1241
 4258
 4033
 1352
 193
 5480
 2482
 2980
 1160
 3218
 340
 1105
 1493
 9360
 11304
 26890
 4469
 6266
 5417
 11114
 12365
 39944
 15908
 17386
 6664
 986
 1640
 2125
 1945
 3176
 1250
 4736
 89
 634
 425
 580
 1021
 1152
 2378
 296
 32
 1042
 500
 965
 1789
 136
 5300
 562
 293
 2690
 2425
 6458
 4505
 4410
 709
 2602
 2458
 13988
 1930
 1282
 2020
 928
 196
 1997
 954
 4432
 1202
 6010
 178
 2320
 1801
 610
 7090
 1972
 1664
 148
 4274
 3562
 3764
 25189
 7450
 12340
 11428
 1754
 17288
 1682
 22601
 3866
 1810
 692
 6442
 6530
 1640
 628
 3604
 1885
 394
 968
 730
 5202
 666
 340
 1741
 850
 562
 340
 3796
 296
 26
 7730
 2340
 1453
 986
 3140
 968
 3490
 740
 1090
 2330
 2161
 2601
 1445
 1088
 2341
 82
 2458
 457
 1649
 1217
 58
 1640
 1009
 785
 657
 148
 2837
 1305
 1889
 4114
 3529
 2020
 4640
 9425
 605
 12281
 9650
 1252
 4365
 1865
 2465
 2498
 1781
 32009
 6253
 4420
 565
 6890
 2146
 113
 3637
 5777
 1898
 32
 1765
 2837
 2069
 104
 1201
 745
 1585
 130
 257
 0
 788
 1017
 265
 3665
 482
 5732
 73
 653
 6905
 244
 4162
 2521
 3490
 7306
 733
 772
 3445
 4068
 1949
 3205
 1360
 7621
 676
 425
 872
 400
 1546
 13
 1394
 3728
 689
 400
 5785
 13960
 9521
 14517
 4450
 11173
 6656
 12773
 17524
 21748
 610
 1885
 386
 20290
 5273
 8660
 3445
 596
 3925
 2873
 4500
 769
 6484
 3029
 256
 1088
 338
 1225
 1402
 740
 125
 1280
 1345
 2960
 689
 1913
 130
 873
 1440
 97
 113
 1125
 557
 1640
 3386
 1234
 1765
 941
 3085
 433
 1552
 493
 257
 196
 9028
 2984
 113
 1517
 145
 2842
 898
 296
 7565
 3485
 3601
 7481
 772
 697
 2561
 8852
 7954
 36548
 7685
 10625
 12465
 1924
 15874
 15266
 1157
 2153
 7501
 3281
 3280
 1885
 493
 4
 3488
 904
 2197
 2825
 37
 1354
 850
 1972
 125
 785
 65
 457
 980
 1521
 221
 388
 1850
 772
 629
 2205
 365
 4045
 1313
 530
 2045
 370
 3445
 130
 2180
 610
 1413
 6245
 2669
 1962
 362
 401
 445
 1069
 2025
 2336
 10309
 442
 3825
 706
 5540
 1296
 8865
 6005
 5057
 16810
 802
 7253
 4913
 18369
 9281
 3690
 6553
 1130
 269
 2890
 5620
 1418
 1481
 5725
 17
 650
 2146
 3545
 377
 401
 1305
 180
 1481
 2482
 841
 962
 6548
 1300
 1885
 5701
 925
 274
 1508
 1765
 1682
 3700
 2050
 178
 2570
 2789
 2690
 445
 818
 3400
 968
 2116
 1469
 1274
 1874
 653
 2088
 2440
 5300
 3860
 28530
 2333
 610
 15005
 12100
 12340
 10084
 8264
 2249
 3922
 578
 1565
 170
 13012
 31610
 9074
 17834
 145
 3202
 653
 1850
 2000
 1856
 5780
 9041
 2746
 5050
 1637
 3060
 7528
 2336
 1040
 3226
 2561
 1010
 221
 1744
 2516
 1172
 2192
 949
 890
 14024
 1154
 272
 725
 905
 466
 5353
 2682
 1594
 1033
 2020
 305
 15913
 2080
 884
 2605
 3665
 2592
 3650
 7325
 1201
 884
 1745
 34
 2146
 6525
 7010
 2825
 12205
 22600
 4292
 2753
 1429
 6074
 1828
 5645
 5045
 15002
 1773
 2250
 4850
 1525
 32
 905
 101
 2440
 500
 169
 125
 2228
 514
 4813
 3613
 5032
 5597
 1530
 1394
 905
 562
 841
 3545
 2336
 5252
 13
 4658
 1066
 916
 5050
 2045
 2624
 25
 1885
 4801
 3280
 3265
 482
 180
 5960
 73
 1602
 900
 2340
 200
 3050
 3385
 296
 2897
 689
 16409
 2074
 3637
 11450
 26
 2074
 8893
 650
 3842
 25666
 12740
 13698
 5717
 13864
 4913
 5017
 6925
 2628
 2245
 3490
 808
 1076
 2477
 1090
 544
 1424
 1088
 5274
 4505
 800
 3233
 2357
 533
 1858
 865
 122
 2626
 554
 1305
 8410
 1305
 4709
 148
 2512
 9106
 3604
 338
 1945
 1625
 185
 340
 613
 137
 6617
 7120
 5122
 1697
 3653
 1802
 2610
 932
 3274
 1098
 7925
 85
 6773
 226
 3181
 3969
 31265
 21640
 8480
 19845
 8053
 3848
 5668
 9650
 288
 954
 6093
 13625
 8905
 3208
 4589
 901
 2393
 1160
 2258
 481
 637
 1258
 3922
 520
 650
 338
 505
 1125
 397
 4770
 829
 1773
 3825
 1856
 4516
 3889
 3205
 1241
 650
 306
 4289
 5408
 596
 3969
 1997
 3298
 1517
 2421
 1709
 3133
 596
 2405
 1513
 4625
 2210
 2290
 1053
 6498
 810
 3281
 485
 2810
 2501
 5945
 3033
 1225
 15560
 25033
 22921
 1305
 28610
 1882
 1853
 13844
 1168
 2281
 5801
 9530
 5553
 481
 1021
 673
 2740
 585
 1165
 1665
 3706
 2770
 1385
 1058
 250
 65
 4057
 442
 1321
 2141
 505
 5045
 80
 2018
 5945
 1717
 965
 272
 7880
 845
 1933
 98
 386
 4549
 1616
 544
 1037
 4477
 1625
 2473
 1165
 241
 1453
 218
 3890
 8989
 4505
 6410
 7940
 1845
 10900
 5904
 8269
 2129
 20261
 9333
 3365
 11405
 3285
 1972
 1476
 1853
 5321
 4810
 82
 4797
 2792
 1568
 2009
 3769
 425
 1241
 313
 1513
 1445
 698
 1186
 765
 2957
 1586
 1360
 1109
 468
 1360
 1865
 1165
 4285
 4885
 8501
 2186
 2788
 725
 2690
 2885
 7200
 1682
 2813
 2132
 578
 340
 397
 1889
 1773
 2664
 821
 788
 802
 1325
 290
 4489
 2720
 6084
 1697
 9074
 1060
 7684
 19721
 22457
 1521
 14650
 11141
 2290
 7880
 3645
 2690
 9685
 7200
 20138
 2125
 2368
 9578
 1684
 565
 1481
 13
 676
 229
 936
 562
 421
 2962
 1801
 2336
 72
 1865
 450
 520
 1060
 1665
 2561
 3281
 445
 4834
 576
 3385
 6425
 1850
 2941
 3560
 985
 765
 3562
 2105
 8242
 104
 629
 773
 545
 370
 6500
 1145
 2285
 2000
 1073
 8036
 2293
 4349
 2770
 5437
 6032
 6724
 6381
 9461
 181
 4498
 9360
 10825
 17945
 22514
 6709
 7240
 1777
 5917
 3722
 441
 2026
 424
 745
 5333
 6401
 1570
 452
 625
 13
 212
 1665
 1124
 565
 661
 3170
 4797
 4964
 500
 745
 461
 1313
 2609
 4456
 1073
 1125
 3042
 122
 3610
 3133
 1682
 2465
 1781
 1530
 1737
 845
 1513
 761
 5733
 340
 677
 10337
 580
 4410
 5032
 1885
 6290
 169
 2665
 8180
 5085
 11621
 629
 97
 149
 5608
 8749
 10537
 5690
 3250
 3362
 585
 8522
 9649
 6029
 2
 533
 601
 845
 6101
 3577
 1156
 1377
 1573
 3536
 4034
 1940
 1385
 450
 2529
 5345
 1696
 7225
 2057
 2745
 1544
 2900
 1321
 2701
 7841
 10426
 6093
 1153
 3121
 962
 1033
 442
 1873
 3529
 409
 340
 2384
 3706
 3881
 1305
 353
 3770
 7141
 653
 145
 1636
 9137
 9280
 26825
 3545
 45565
 8242
 11002
 5730 >> 5900000000
LO setting complete 
Initializing DMA.....
Value in DMACR register: 00011003 
DMA initialized.....
Interrupts Initialized.....
Address value before: 00000000 
Address value after: 00201058 
Length value before: 0 
value of length: 65536 

   0x34 = 00005011 DMA Done

 
*******************************************************************************
